1 1
2 2 3 7 81
3 3 2 7 81
4 4 95 96
5 5
6 6 85 87
7 7 3 2 81
8 8 70
9 9
10 10
11 11 15 67
12 12
13 13
14 14
15 15 11 67
16 16 
17 17 29 65 68
18 18 34 48 63 69
19 19
20 20
21 21
22 22 40 73
23 23 
24 24 51
25 25 33
26 26 49
27 27 
28 28 42 84
29 29 17 65 68 
30 30 57 75
31 31 
32 32 
33 33 25
34 34 18 48 63 69
35 35 
36 36 61
37 37
38 38 
39 39 
40 40 22 73
41 41 64 62
42 42 28 84
43 43 
44 44 66
45 45 
46 46
47 47 56
48 48 18 34 63 69
49 49 26
50 50
51 51 24
52 52 
53 53
54 54 
55 55
56 56 47
57 57 30 75
58 58
59 59
60 60
61 61 36
62 62 64 41
63 63 18 34 48 69
64 64 41 62
65 65 17 29 68
66 66 44
67 67 11 15 
68 68 17 29 65 
69 69 18 34 48 63 
70 70 8
71 71
72 72
73 73 22 40 
74 74 
75 75 30 57 
76 76 
77 77 
78 78 
79 79 83
80 80 82
81 81 2 3 7
82 82 80
83 83 79
84 84 28 42 
85 85 6 87
86 86 
87 87 6 85
88 88 89 90 92
89 89 88 90 92
90 90 88 89 92
91 91 94 
92 92 88 89 90 
93 93 
94 94 91
95 95 4 96
96 96 4 95 
97 97
98 98
99 99
100 100